115.84.64.0,115.84.127.255,16384,23/07/08,
183.182.96.0,183.182.127.255,8192,08/12/09,
202.62.96.0,202.62.111.255,4096,06/06/03,
202.137.128.0,202.137.159.255,8192,12/03/99,
203.110.64.0,203.110.79.255,4096,07/02/02,

